  2.4471717e-001
  9.5388889e-001
  9.9940404e-001
  6.6659596e-001
  6.2275758e-001
  4.5055556e-001
  2.0450505e-001
  1.3711111e-001
  1.6888889e-001
  9.0862626e-001
  6.1892929e-001
  1.2603030e-001
  1.4253535e-001
  3.5121212e-001
  8.0232323e-002
  3.3027273e-001
  7.8522222e-001
  1.3378788e-001
  1.1467677e-001
  1.0281818e-001
  1.8575758e-001
  1.2542424e-001
  1.4972727e-001
  1.0556566e-001
  2.2722222e-001
  9.9979798e-002
  3.5021212e-001
  1.9984848e-001
  9.8856566e-001
  1.6866667e-001
  1.3637374e-001
  2.1626263e-001
  1.2121212e-001
  5.5913131e-001
  1.9707071e-001
  5.1943434e-001
  5.5156566e-001
  1.2846465e-001
  1.0952525e-001
  1.2127273e-001
  1.5369697e-001
